time,delta_n,Vn_rel,Vt_rel,F1(1),F1(2),F1(3),M1(1),M1(2),M1(3)
    0.1510     0.0022     6.4100     2.4999   -41.9465    -3.2968     0.0127     0.0023    -0.0213     2.1308
    0.1520     0.0086     6.4200     2.5007   -98.0746     1.9583     0.1286     0.0184    -0.1678    16.6193
    0.1530     0.0150     6.4010     2.4637  -167.6632    11.5352     0.3067     0.0433    -0.3909    38.3721
    0.1540     0.0214     6.3467     2.3802  -249.6977    23.8172     0.5316     0.0751    -0.6718    65.3621
    0.1550     0.0278     6.2518     2.2424  -341.9107    38.1142     0.7954     0.1128    -1.0011    96.4734
    0.1560     0.0340     6.1121     2.0437  -442.1174    53.9393     1.0926     0.1560    -1.3718   130.8305
    0.1570     0.0401     5.9245     1.7789  -548.1601    70.8766     1.4191     0.2040    -1.7787   167.6332
    0.1580     0.0460     5.6869     1.4441  -657.8518    88.5386     1.7727     0.2568    -2.2186   206.0964
    0.1590     0.0517     5.3980     1.0370  -768.9563   106.5497     2.1557     0.3148    -2.6939   245.4272
    0.1600     0.0571     5.0578     0.5567  -879.1956   124.5414     2.5929     0.3820    -3.2333   284.8203
    0.1610     0.0622     4.6674     0.0036  -986.2191   141.7118    15.6756     2.4290   -18.8169   322.9292
    0.1620     0.0668     4.2286     0.6205 -1009.1643  -435.7859   -23.6799    -3.6560    27.9992  -359.4681
    0.1630     0.0711     3.7443     0.6686 -1181.8337   174.0897    22.7889     3.5827   -27.3008   394.3577
    0.1640     0.0748     3.2187     0.7435 -1171.7497  -515.2253   -26.2675    -4.1043    31.0429  -425.8052
    0.1650     0.0780     2.6566     0.7927 -1338.7978   200.7364    27.0341     4.3067   -32.3678   453.6203
    0.1660     0.0807     2.0640     0.8445 -1291.1078  -576.6290   -29.0008    -4.5899    34.2649  -476.9535
    0.1670     0.0828     1.4473     0.8859 -1442.8750   219.3380    29.7222     4.7966   -35.5725   495.3642
    0.1680     0.0842     0.8137     0.9143 -1356.2106  -614.4547   -30.7834    -4.9353    36.3641  -508.4160
    0.1690     0.0850     0.1705     0.9401 -1484.2674   228.3198    31.0098     5.0687   -37.1012   515.7813
    0.1700     0.0852    -0.4741     0.9464 -1360.7962  -625.1279   -31.2546    -5.0754    36.9140  -517.3459
    0.1710     0.0847    -1.1127     0.9502 -1458.8149   227.0177    30.8774     5.1111   -36.9309   513.0025
    0.1720     0.0836    -1.7373     0.9380 -1304.1632  -607.5363   -30.3253    -4.9871    35.8101  -502.9466
    0.1730     0.0819    -2.3409     0.9155 -1368.5492   215.7307    29.3651     4.9216   -35.1108   487.3129
    0.1740     0.0795    -2.9161     0.8900 -1191.2880  -563.1962   -28.0728    -4.6745    33.1448  -466.5845
    0.1750     0.0766    -3.4570     0.8390 -1221.4743   195.6647    26.6239     4.5171   -31.8228   441.1132
    0.1760     0.0731    -3.9577     0.8069 -1032.2286  -496.0801   -24.7041    -4.1643    29.1630  -411.6210
    0.1770     0.0692    -4.4141     0.7275 -1030.6073   168.7672    22.9103     3.9340   -27.3744   378.6214
    0.1780     0.0648    -4.8220     0.6967  -840.9291  -412.1442   -20.5239    -3.5016    24.2254  -343.0036
    0.1790     0.0599    -5.1793     0.5909  -812.4707   137.4840    18.5592     3.2246   -22.1666   305.3709
    0.1800     0.0548    -5.4840     0.5693  -633.6644  -318.6560   -15.8992    -2.7450    18.7654  -266.6984
    0.1810     0.0493    -5.7360     0.4405  -585.3475   104.4820    13.9494     2.4517   -16.6527   227.6072
    0.1820     0.0435    -5.9357     0.4360  -427.4601  -223.4658   -11.2225    -1.9604    13.2460  -189.0853
    0.1830     0.0376    -6.0848     0.2885  -367.7073    72.3930     9.4727     1.6836   -11.3008   151.7173
    0.1840     0.0315    -6.1861     0.3080  -238.9165  -134.4151    -6.8832    -1.2166     8.1263  -116.4628
    0.1850     0.0253    -6.2433     0.1468  -177.3734    43.6322     5.5301     0.9936    -6.5895    83.8605
    0.1860     0.0191    -6.2610     0.1963   -84.1946   -59.1931    -3.2623    -0.5838     3.8555   -54.8885
    0.1870     0.0128    -6.2451     0.0267   -32.9034    20.3024     2.9964     0.5448    -3.5591    30.0975
    0.1880     0.0066    -6.2028     0.1120    16.3377    -6.8239    -0.8277    -0.1511     0.9843   -11.0967
    0.1890     0.0004    -6.1439     0.0587    21.6694     3.2494    -0.0051    -0.0015     0.0096    -0.1535
    0.6190     0.0061     6.2070     0.0927   -63.9110   -34.8866     5.2110     2.5509    -5.8012    -7.5524
    0.6200     0.0123     6.1964     0.0621  -114.4292   -69.1016    16.0414     7.8229   -17.7571   -20.6884
    0.6210     0.0185     6.1604     0.0107  -203.0433   -46.6104   -19.4406    -9.3458    21.1121    46.9920
    0.6220     0.0246     6.0875     0.1538  -238.9172  -169.0913    33.2241    16.2940   -36.7541   -69.8858
    0.6230     0.0307     5.9731     0.1196  -378.5179   -76.3463   -43.0418   -20.8009    46.7880    99.9356
    0.6240     0.0367     5.8140     0.2582  -389.4115  -290.0807    57.7765    28.4374   -63.8387  -128.8503
    0.6250     0.0425     5.6077     0.2510  -579.4726  -109.4326   -70.5795   -34.2563    76.7091   162.3152
    0.6260     0.0481     5.3527     0.3809  -552.4784  -423.1286    85.7705    42.3667   -94.6697  -194.1319
    0.6270     0.0535     5.0484     0.3941  -789.4199  -143.5616   -99.9048   -48.6869   108.5296   228.7550
    0.6280     0.0585     4.6953     0.5115  -714.8385  -557.8131   114.5213    56.7740  -126.2811  -260.7112
    0.6290     0.0632     4.2948     0.5379  -991.3685  -176.1081  -128.7217   -62.9798   139.7510   293.8499
    0.6300     0.0675     3.8495     0.6391  -863.0961  -683.2492   141.5858    70.4499  -155.9801  -323.2545
    0.6310     0.0713     3.3626     0.6707 -1168.4819  -204.3560  -154.6713   -75.9740   167.8138   352.2336
    0.6320     0.0747     2.8386     0.7529  -984.5718  -788.8623   164.6582    82.2345  -181.2340  -376.5555
    0.6330     0.0775     2.2826     0.7817 -1305.4106  -225.7710  -175.5445   -86.5645   190.3297   398.9371
    0.6340     0.0798     1.7005     0.8431 -1068.4753  -865.3691   181.7200    91.0939  -199.8346  -416.0199
    0.6350     0.0815     1.0987     0.8613 -1389.8430  -238.2823  -189.5085   -93.8151   205.3251   429.8643
    0.6360     0.0826     0.4844     0.9017 -1107.0828  -905.7845   191.2394    96.2236  -210.1164  -438.1561
    0.6370     0.0831    -0.1354     0.9026 -1413.9141  -240.5373  -195.3128   -97.0648   211.4637   442.2466
    0.6380     0.0830    -0.7531     0.9233 -1096.6628  -906.2570   192.3468    97.1413  -211.1465  -440.9835
    0.6390     0.0822    -1.3614     0.9017 -1375.1772  -232.0864  -192.4404   -96.0084   208.2063   434.9747
    0.6400     0.0808    -1.9530     0.9061 -1037.9556  -866.5616   184.9410    93.7475  -202.8380  -424.2754
    0.6410     0.0789    -2.5213     0.8587 -1276.9354  -213.4609  -181.1718   -90.7359   195.8776   408.7373
    0.6420     0.0764    -3.0596     0.8517  -936.1028  -790.1513   169.7028    86.3397  -185.9608  -389.5891
    0.6430     0.0733    -3.5627     0.7775 -1127.8575  -186.1302  -162.5515   -81.7238   175.6261   365.9364
    0.6440     0.0697    -4.0255     0.7654  -800.0344  -683.7505   148.0122    75.5781  -162.0475  -340.0735
    0.6450     0.0657    -4.4441     0.6652  -940.9498  -152.3443  -138.2610   -69.7785   149.2844   310.3945
    0.6460     0.0613    -4.8153     0.6551  -641.4301  -556.5714   121.7845    62.4080  -133.2108  -280.0930
    0.6470     0.0565    -5.1372     0.5314  -732.0837  -114.8952  -110.4261   -55.9446   119.1585   246.9111
    0.6480     0.0513    -5.4087     0.5307  -473.4634  -419.3115    93.2595    47.9568  -101.9111  -214.7418
    0.6490     0.0459    -5.6299     0.3871  -518.3837   -76.8522   -81.3979   -41.3981    87.7904   180.7566
    0.6500     0.0403    -5.8017     0.4027  -309.5999  -283.1498    64.7887    33.4269   -70.7228  -149.3501
    0.6510     0.0345    -5.9260     0.2437  -316.8577   -41.3502   -53.5677   -27.3531    57.7579   117.2112
    0.6520     0.0285    -6.0059     0.2818  -162.8066  -159.0279    38.6780    20.0145   -42.1625   -89.1080
    0.6530     0.0225    -6.0452     0.1122  -143.8182   -11.6078   -29.3543   -15.0556    31.6615    61.2433
    0.6540     0.0165    -6.0486     0.1782   -45.8914   -57.7534    17.1859     8.9087   -18.6881   -39.0126
    0.6550     0.0104    -6.0222     0.0053   -11.6692    -2.4957   -18.3450    -9.4476    19.8669     3.3069
    0.6560     0.0044    -5.9735     0.0891    22.0860     7.4165     4.2827     2.2010    -4.6124    -3.3632
    1.0610     0.0008     5.9689     0.0996   -20.8271   -17.5503     0.2597     0.2622    -0.3141    -0.1931
    1.0620     0.0067     5.9906     0.0966   -56.6594   -52.0726     8.6596     6.8412    -8.1822    -4.4400
    1.0630     0.0127     5.9835     0.0637   -99.0769   -93.0820    23.2834    18.2443   -21.7947    -9.4965
    1.0640     0.0187     5.9464     0.0102  -176.4947  -109.4120   -34.0687   -25.8360    30.7099    35.2198
    1.0650     0.0247     5.8734     0.1592  -193.1151  -213.5805    53.5571    42.0471   -49.9401   -47.5438
    1.0660     0.0305     5.7606     0.1141  -323.1862  -193.0687   -71.8673   -54.7438    64.8626    71.9314
    1.0670     0.0363     5.6049     0.2621  -307.6651  -356.0125    92.9588    73.0726   -86.4628   -89.2862
    1.0680     0.0419     5.4039     0.2381  -490.1600  -287.6751  -115.8761   -88.5268   104.5373   114.9459
    1.0690     0.0473     5.1564     0.3818  -431.3118  -510.7901   137.2442   108.0449  -127.3924  -134.5758
    1.0700     0.0524     4.8618     0.3730  -663.8556  -385.9774  -162.5794  -124.5177   146.5357   160.5513
    1.0710     0.0573     4.5208     0.5083  -553.8460  -666.1334   182.5112   143.9195  -169.0984  -180.4430
    1.0720     0.0618     4.1345     0.5083  -830.3525  -480.2875  -208.3322  -159.9301   187.5620   205.0317
    1.0730     0.0660     3.7057     0.6314  -665.2016  -809.6665   225.0307   177.7599  -208.1296  -223.3888
    1.0740     0.0697     3.2373     0.6334  -975.9413  -562.8641  -249.4359  -191.9130   224.2907   244.7549
    1.0750     0.0729     2.7337     0.7409  -755.9429  -929.4275   261.2527   206.7471  -241.2212  -259.9346
    1.0760     0.0756     2.1996     0.7379 -1088.1855  -626.5867  -282.4411  -217.7842   253.6402   276.3834
    1.0770     0.0778     1.6408     0.8274  -818.1001 -1015.0067   288.0640   228.3854  -265.5321  -287.0013
    1.0780     0.0795     1.0633     0.8131 -1157.1592  -665.6936  -304.4914  -235.2974   273.0795   297.1818
    1.0790     0.0805     0.4738     0.8834  -846.0235 -1058.6778   303.1001   240.7541  -278.9285  -302.2492
    1.0800     0.0810    -0.1210     0.8523 -1176.5660  -676.4488  -313.6404  -242.8920   280.9076   305.3143
    1.0810     0.0809    -0.7138     0.9039  -837.0494 -1056.3139   305.0137   242.7266  -280.2251  -304.3521
    1.0820     0.0802    -1.2978     0.8522 -1144.5031  -657.6110  -309.0827  -239.8799   276.4545   300.0615
    1.0830     0.0789    -1.8660     0.8871  -791.8365 -1007.9122   293.6374   234.1082  -269.3267  -293.1585
    1.0840     0.0770    -2.4121     0.8127 -1063.7121  -610.6130  -291.2536  -226.5323   260.1619   281.9087
    1.0850     0.0746    -2.9300     0.8347  -714.2996  -917.6199   270.0059   215.6635  -247.2393  -269.7104
    1.0860     0.0716    -3.4145     0.7373  -941.2587  -539.4123  -261.7772  -204.0496   233.5287   252.4863
    1.0870     0.0682    -3.8607     0.7515  -611.1465  -793.2510   236.2305   189.0256  -215.9468  -236.1155
    1.0880     0.0644    -4.2650     0.6326  -787.6994  -450.0412  -223.2710  -174.4188   198.9298   214.3717
    1.0890     0.0601    -4.6243     0.6450  -491.1074  -645.3871   195.2518   156.5063  -178.1772  -195.2961
    1.0900     0.0555    -4.9366     0.5076  -615.8949  -349.9447  -179.0484  -140.1888   159.3444   170.7911
    1.0910     0.0505    -5.2010     0.5244  -364.0056  -486.2408   150.5173   120.8437  -137.1038  -150.6650
    1.0920     0.0453    -5.4172     0.3724  -439.7067  -247.2464  -132.7777  -104.2088   118.0500   125.2760
    1.0930     0.0399    -5.5862     0.3999  -239.8691  -328.5218   105.6542    84.9426   -96.0437  -105.7918
    1.0940     0.0343    -5.7098     0.2377  -272.8682  -150.1309   -88.1839   -69.3954    78.3553    81.3327
    1.0950     0.0286    -5.7905     0.2815  -128.3346  -184.6203    64.2195    51.6738   -58.2304   -64.1391
    1.0960     0.0228    -5.8319     0.1139  -128.3842   -66.6967   -48.9481   -38.6541    43.5130    42.0937
    1.0970     0.0170    -5.8386     0.1787   -38.8379   -66.6779    29.6664    23.8471   -26.7857   -28.9839
    1.0980     0.0111    -5.8158     0.0128   -15.1048   -11.2225   -20.4053   -16.2058    18.2554     1.9561
    1.0990     0.0053    -5.7704     0.0942    15.2538    10.1565     6.2872     4.9730    -5.5813    -3.0492
    1.4810     0.0051     5.7929     0.0679   -33.5212   -51.5253     5.8275     6.0531    -4.1544    -1.9127
    1.4820     0.0109     5.7903     0.0461   -62.4170   -96.2225    18.9637    19.2991   -13.2362    -3.6397
    1.4830     0.0167     5.7645     0.0134  -114.7168  -137.8685   -34.3771   -33.2089    22.6560    19.9573
    1.4840     0.0224     5.7058     0.1288  -124.9215  -220.5119    53.1220    53.8404   -36.7040   -25.7492
    1.4850     0.0281     5.6100     0.1064  -217.3237  -254.8455   -75.4882   -73.2804    49.8219    42.7704
    1.4860     0.0337     5.4739     0.2256  -201.6315  -371.8380    96.8229    98.0699   -66.5887   -51.4986
    1.4870     0.0392     5.2951     0.2209  -335.4395  -389.5887  -124.3417  -121.0148    81.9838    69.5918
    1.4880     0.0445     5.0722     0.3397  -285.2592  -538.2385   146.1332   148.0499  -100.1470   -79.8613
    1.4890     0.0496     4.8043     0.3473  -459.5432  -531.5655  -176.8959  -172.4884   116.4343    98.2124
    1.4900     0.0544     4.4918     0.4615  -368.9789  -706.9332   197.0694   199.7706  -134.6305  -108.9141
    1.4910     0.0589     4.1356     0.4760  -579.8419  -669.7575  -229.0513  -223.7051   150.4564   126.3660
    1.4920     0.0630     3.7377     0.5814  -446.0138  -864.6557   245.5983   249.1520  -167.2850  -136.4777
    1.4930     0.0667     3.3009     0.5969  -686.6175  -793.0506  -276.6596  -270.6031   181.3285   151.8042
    1.4940     0.0700     2.8289     0.6897  -509.9474  -998.4914   287.7793   292.1897  -195.4483  -160.3733
    1.4950     0.0729     2.3260     0.7003  -770.9373  -891.0857  -315.8031  -309.3265   206.5083   172.4325
    1.4960     0.0752     1.7974     0.7774  -555.2680 -1097.0198   320.0724   325.2688  -216.7592  -178.6401
    1.4970     0.0770     1.2486     0.7776  -825.5100  -955.2699  -343.1573  -336.5828   223.8671   186.5002
    1.4980     0.0782     0.6859     0.8369  -577.9393 -1151.5095   339.6907   345.5249  -229.3914  -189.7429
    1.4990     0.0789     0.1156     0.8222  -845.4837  -979.7298  -356.3467  -349.9952   231.9171   192.7873
    1.5000     0.0790    -0.4555     0.8630  -575.8631 -1156.9254   344.9113   351.1642  -232.2560  -192.7463
    1.5010     0.0785    -1.0209     0.8303  -829.0181  -962.0198  -354.2199  -348.3785   229.9808   190.7459
    1.5020     0.0775    -1.5739     0.8534  -549.1364 -1112.5521   335.2799   341.6779  -225.1290  -187.4256
    1.5030     0.0759    -2.1083     0.8011  -777.5145  -903.4442  -336.9890  -331.8844   218.2716   180.5658
    1.5040     0.0738    -2.6182     0.8090  -500.0464 -1022.1066   311.6672   317.9067  -208.6764  -174.2931
    1.5050     0.0712    -3.0982     0.7374  -695.4533  -808.9264  -306.2047  -301.9848   197.8654   163.1514
    1.5060     0.0681    -3.5435     0.7339  -432.8023  -893.3125   276.1645   281.9420  -184.3724  -154.5350
    1.5070     0.0646    -3.9504     0.6446  -589.8648  -686.4468  -264.5715  -261.2981   170.5702   140.0121
    1.5080     0.0606    -4.3154     0.6347  -353.0507  -737.0162   231.8382   236.8813  -154.3245  -129.8687
    1.5090     0.0563    -4.6363     0.5307  -469.5348  -546.1556  -215.6370  -213.2896   138.7173   113.0866
    1.5100     0.0516    -4.9118     0.5198  -267.2694  -566.0132   182.3902   186.4871  -121.0394  -102.3498
    1.5110     0.0467    -5.1412     0.4051  -344.0953  -399.3400  -163.4183  -161.9066   104.9151    84.5346
    1.5120     0.0416    -5.3250     0.3988  -182.1610  -393.8273   131.7937   134.8162   -87.1768   -74.1640
    1.5130     0.0363    -5.4644     0.2776  -223.1934  -257.4743  -112.0426  -111.2250    71.8160    56.5313
    1.5140     0.0308    -5.5615     0.2812  -104.1987  -233.7415    83.9876    85.9082   -55.3453   -47.4472
    1.5150     0.0252    -5.6192     0.1581  -115.9677  -131.6801   -65.5055   -65.2089    41.9615    31.0910
    1.5160     0.0196    -5.6414     0.1761   -39.5755   -98.5655    42.7500    43.6562   -28.0216   -24.1928
    1.5170     0.0140    -5.6327     0.0561   -31.1355   -33.4751   -27.7432   -27.7776    17.8303     9.6600
    1.5180     0.0083    -5.5986     0.0922     4.5099    -2.9020    12.0679    12.1914    -7.7987    -6.4314
    1.5190     0.0027    -5.5465     0.0210    14.9107    19.8733     1.7927     1.6932    -1.0737    -2.1805
    1.8780     0.0024     5.5724     0.0054   -13.4808   -36.8810     1.8319     2.3077    -0.8154     0.5658
    1.8790     0.0080     5.5856     0.0046   -39.1553   -76.3895    -4.8789    -5.0283     1.6860    13.9572
    1.8800     0.0136     5.5756     0.0325   -23.6861  -141.6077    11.9511    14.4287    -4.8855   -29.2910
    1.8810     0.0192     5.5365     0.0759  -107.8581  -181.8949   -20.4235   -21.9460     7.3785    50.1848
    1.8820     0.0247     5.4638     0.1016   -35.5795  -285.6609    28.6703    34.2858   -11.5297   -72.3294
    1.8830     0.0302     5.3542     0.1749  -196.2163  -314.3978   -41.0094   -44.4189    14.8683    98.5421
    1.8840     0.0355     5.2050     0.1941   -47.7621  -456.3195    49.2736    58.7337   -19.6352  -124.9085
    1.8850     0.0407     5.0143     0.2920  -296.0342  -462.9961   -64.7514   -70.3910    23.4405   154.2091
    1.8860     0.0457     4.7812     0.3009   -59.2903  -640.0113    71.9183    85.6041   -28.4534  -182.6380
    1.8870     0.0505     4.5052     0.4178  -399.4356  -616.3600   -89.7680   -97.8087    32.3940   212.7917
    1.8880     0.0550     4.1870     0.4133   -69.1828  -822.6652    94.8293   112.7977   -37.2755  -241.0819
    1.8890     0.0592     3.8279     0.5431  -498.3797  -762.6788  -114.1211  -124.5525    41.0211   269.7878
    1.8900     0.0630     3.4303     0.5223   -76.5557  -989.9538   116.2099   138.1845   -45.3991  -295.7083
    1.8910     0.0664     2.9969     0.6583  -584.9704  -890.2440  -135.8815  -148.5070    48.6319   320.7053
    1.8920     0.0694     2.5318     0.6191   -80.7225 -1128.2338   134.3324   159.7132   -52.1640  -342.1422
    1.8930     0.0719     2.0392     0.7544  -652.0662  -988.3996  -153.2699  -167.7153    54.6047   361.3901
    1.8940     0.0740     1.5244     0.6956   -81.2743 -1225.7805   147.6850   175.5857   -57.0085  -376.5400
    1.8950     0.0755     0.9925     0.8235  -693.9746 -1048.6036  -164.8251  -180.5632    58.4441   388.4212
    1.8960     0.0765     0.4500     0.7450   -78.1318 -1274.0244   155.1260   184.4412   -59.5262  -395.9825
    1.8970     0.0769    -0.0975     0.8598  -707.0724 -1065.3822  -169.5608  -185.9525    59.8337   399.4798
    1.8980     0.0768    -0.6432     0.7632   -71.5564 -1268.5391   156.0114   185.5084   -59.5109  -398.8018
    1.8990     0.0762    -1.1812     0.8603  -690.2268 -1036.9899  -167.0792  -183.4278    58.6713   393.6171
    1.9000     0.0750    -1.7050     0.7486   -62.1197 -1209.5870   150.2715   178.6977   -56.9796  -384.7779
    1.9010     0.0733    -2.2092     0.8250  -644.9320  -965.6443  -157.6179  -173.2299    55.0795   371.3683
    1.9020     0.0711    -2.6880     0.7024   -50.6331 -1102.1109   138.4189   164.6118   -52.1694  -355.1656
    1.9030     0.0684    -3.1369     0.7569  -575.1310  -857.2877  -142.0217  -156.2682    49.3901   334.6895
    1.9040     0.0652    -3.5513     0.6290   -38.0507  -955.1678   121.4877   144.4749   -45.5081  -312.5456
    1.9050     0.0617    -3.9280     0.6619  -486.7539  -720.9151  -121.6424  -134.0128    42.1035   286.7272
    1.9060     0.0578    -4.2640     0.5347   -25.3631  -780.9097   100.9142   119.9918   -37.5641  -260.5261
    1.9070     0.0535    -4.5576     0.5477  -387.0591  -567.5950   -98.1871  -108.3296    33.8322   231.4659
    1.9080     0.0489    -4.8076     0.4275   -13.4989  -593.3050    78.3822    93.1646   -28.9849  -203.3533
    1.9090     0.0441    -5.0138     0.4235  -283.9024  -409.3785   -73.5434   -81.2894    25.2375   173.3204
    1.9100     0.0391    -5.1768     0.3163    -3.2561  -406.8613    55.6635    66.1037   -20.4361  -145.5067
    1.9110     0.0339    -5.2981     0.2985  -185.0902  -258.3371   -49.6185   -54.9906    16.9735   116.7576
    1.9120     0.0286    -5.3797     0.2098     4.7171  -235.6750    34.4931    40.8793   -12.5548   -91.3715
    1.9130     0.0232    -5.4248     0.1821   -98.0154  -126.0734   -28.2371   -31.4454     9.6522    66.0567
    1.9140     0.0178    -5.4370     0.1166     9.8357   -93.3643    16.5405    19.4881    -5.9409   -45.1221
    1.9150     0.0124    -5.4209     0.0829   -30.0384   -24.5746   -11.1821   -12.6207     3.8570    25.4265
    1.9160     0.0069    -5.3822     0.0450    11.0166     3.8285     3.7149     4.2215    -1.2713   -11.2089
    1.9170     0.0016    -5.3281     0.0111     6.5018    23.1390    -0.6273    -0.8642     0.2672     0.9000
    2.2540     0.0003     5.3492     0.0497    -1.5503   -18.3034    -0.1618    -0.0885     0.0071     0.0426
    2.2550     0.0056     5.3774     0.0518    -8.7637   -62.3250    -6.6702    -7.6082     0.6024     4.3677
    2.2560     0.0110     5.3782     0.0306   -21.0696  -110.8632   -16.5802   -19.1653     1.4851    14.4248
    2.2570     0.0164     5.3546     0.0243     5.0885  -172.4849    30.3619    37.2422    -2.8807   -22.6066
    2.2580     0.0217     5.3007     0.1195   -49.9821  -235.2087   -47.2421   -55.0761     4.1951    37.3840
    2.2590     0.0270     5.2130     0.0999    15.1838  -315.0103    64.7155    79.0875    -5.9861   -47.6937
    2.2600     0.0322     5.0886     0.2163   -84.8347  -385.7584   -86.3010  -100.8766     7.5278    65.5142
    2.2610     0.0373     4.9255     0.1948    28.3719  -478.2879   104.9670   128.1030    -9.4766   -77.8062
    2.2620     0.0422     4.7224     0.3278  -123.1049  -550.5487  -129.9805  -152.1276    11.1023    97.0555
    2.2630     0.0470     4.4786     0.3006    43.6026  -649.8447   147.9774   180.4689   -13.0389  -110.4372
    2.2640     0.0514     4.1942     0.4455  -161.8983  -717.2020  -174.8864  -204.8471    14.6039   129.7438
    2.2650     0.0556     3.8703     0.4091    59.8285  -816.7082   190.4856   232.2155   -16.3743  -143.1403
    2.2660     0.0595     3.5083     0.5608  -198.2331  -872.9665  -217.5861  -255.0068    17.7429   161.1399
    2.2670     0.0630     3.1111     0.5119    75.8830  -965.8600   229.2007   279.3364   -19.2091  -173.4297
    2.2680     0.0661     2.6815     0.6649  -229.2380 -1005.4513  -254.7297  -298.6738    20.2644   188.7984
    2.2690     0.0688     2.2237     0.6007    90.5239 -1085.1890   261.0272   318.0629   -21.3142  -198.9149
    2.2700     0.0710     1.7418     0.7496  -252.3941 -1103.6806  -283.3123  -332.3171    21.9681   210.4713
    2.2710     0.0727     1.2412     0.6682   102.5367 -1164.6308   283.3451   345.2054   -22.5252  -217.5077
    2.2720     0.0740     0.7269     0.8081  -265.7829 -1159.2058  -300.9665  -353.1509    22.7275   224.3292
    2.2730     0.0747     0.2051     0.7085   110.8600 -1197.2438   294.2822   358.4852   -22.7590  -227.6378
    2.2740     0.0749    -0.3188     0.8356  -268.2933 -1167.0503  -306.2191  -359.4371    22.5019   229.1617
    2.2750     0.0746    -0.8385     0.7183   114.7102 -1180.0128   292.9239   356.7896   -22.0210  -228.4297
    2.2760     0.0737    -1.3483     0.8297  -259.7469 -1126.3064  -298.6593  -350.6833    21.3389   224.5191
    2.2770     0.0724    -1.8424     0.6966   113.6805 -1114.2226   279.4194   340.3011   -20.4023  -219.8070
    2.2780     0.0705    -2.3156     0.7911  -240.9155 -1040.2651  -278.9864  -327.6998    19.3666   210.7686
    2.2790     0.0682    -2.7627     0.6454   107.7974 -1005.3273   254.9629   310.4750   -18.0665  -202.5045
    2.2800     0.0654    -3.1798     0.7232  -213.4278  -916.0502  -248.9251  -292.5019    16.7758   189.0550
    2.2810     0.0623    -3.5627     0.5691    97.5257  -862.3322   221.6519   269.8666   -15.2283  -177.9853
    2.2820     0.0587    -3.9087     0.6316  -179.5807  -763.8214  -211.0248  -248.0754    13.7967   161.1723
    2.2830     0.0548    -4.2152     0.4742    83.7203  -696.8040   182.2486   221.8411   -12.1281  -148.2785
    2.2840     0.0506    -4.4810     0.5239  -142.0898  -595.6939  -168.3789  -198.0481    10.6721   129.3705
    2.2850     0.0461    -4.7051     0.3685    67.5385  -521.6943   139.8885   170.2184    -9.0062  -115.7694
    2.2860     0.0414    -4.8877     0.4084  -103.8266  -424.5855  -124.3180  -146.3290     7.6339    96.1375
    2.2870     0.0365    -5.0295     0.2603    50.3333  -350.2178    97.7900   118.9211    -6.0809   -82.9873
    2.2880     0.0314    -5.1323     0.2939   -67.5977  -263.2521   -82.1390   -96.7912     4.8843    64.0021
    2.2890     0.0263    -5.1982     0.1579    33.5631  -195.0892    59.0267    71.6964    -3.5344   -52.4489
    2.2900     0.0211    -5.2303     0.1887   -36.0379  -123.8876   -44.9518   -53.0892     2.5886    35.4274
    2.2910     0.0159    -5.2323     0.0693    18.8134   -68.6946    26.3887    31.9525    -1.5065   -26.7017
    2.2920     0.0106    -5.2089     0.1004   -11.7889   -19.3685   -15.8220   -18.8228     0.8848    12.9417
    2.2930     0.0054    -5.1656     0.0075     7.2325    13.0357    -2.1823    -2.6834     0.1690    -7.8837
    2.2940     0.0003    -5.1100     0.0255     0.7443    16.6370     0.0407    -0.0435     0.0018     0.0757
    2.6110     0.0006     5.1474     0.0855     3.5087   -22.0759    -0.3081    -0.2674    -0.0454     0.2089
    2.6120     0.0058     5.1727     0.0876     5.5492   -62.6599    -6.1221    -6.9566    -1.1890     5.8638
    2.6130     0.0110     5.1747     0.0662     5.0382  -110.8000   -15.1286   -17.3813    -2.9910    16.1170
    2.6140     0.0161     5.1526     0.0130    -0.2873  -168.9641   -21.9510   -25.1812    -4.3945    34.1554
    2.6150     0.0213     5.1016     0.0782    82.2222  -220.1496    30.3259    36.7585     6.4572   -52.7869
    2.6160     0.0264     5.0184     0.1404    -9.8931  -306.9593   -43.0505   -49.4760    -8.7437    73.7142
    2.6170     0.0314     4.9004     0.1576   142.0568  -357.4488    53.9145    65.1832    11.5683   -95.0509
    2.6180     0.0363     4.7456     0.2427   -21.1559  -464.8617   -68.2583   -78.5172   -14.0227   119.8348
    2.6190     0.0410     4.5528     0.2512   209.7598  -507.0221    78.8909    95.2803    17.0924  -143.4861
    2.6200     0.0456     4.3212     0.3548   -33.7726  -631.0009   -94.4889  -108.7110   -19.6197   169.8770
    2.6210     0.0499     4.0512     0.3515   280.3081  -657.7927   103.4287   124.8452    22.6385  -194.3727
    2.6220     0.0540     3.7435     0.4685   -46.9439  -793.0968  -119.4153  -137.3658   -25.0541   220.3971
    2.6230     0.0577     3.3997     0.4507   348.5066  -798.3702   125.5866   151.5394    27.7761  -243.9504
    2.6240     0.0611     3.0220     0.5757   -59.7240  -938.7517  -140.9929  -162.1267   -29.8851   267.6554
    2.6250     0.0641     2.6136     0.5412   409.1035  -917.7326   143.5890   173.2246    32.0936  -288.4165
    2.6260     0.0667     2.1779     0.6682   -71.1396 -1056.3551  -157.4894  -181.0065   -33.7211   307.9454
    2.6270     0.0689     1.7192     0.6157   457.1885 -1006.1583   156.0039   188.1764    35.2395  -324.1940
    2.6280     0.0706     1.2420     0.7389   -80.2884 -1136.1590  -167.6152  -192.5339   -36.2510   337.9474
    2.6290     0.0719     0.7517     0.6679   488.6732 -1056.1953   161.8864   195.2565    36.9586  -348.2758
    2.6300     0.0726     0.2533     0.7820   -86.4337 -1171.3036  -170.6437  -195.8901   -37.2752   355.0798
    2.6310     0.0728    -0.2474     0.6934   500.7427 -1063.4794   160.8740   194.0281    37.1199  -358.5535
    2.6320     0.0726    -0.7450     0.7940   -89.0863 -1158.5993  -166.4810  -190.9856   -36.7272   357.7968
    2.6330     0.0719    -1.2336     0.6901   492.1933 -1027.2446   153.2173   184.7915    35.7305  -354.0670
    2.6340     0.0706    -1.7083     0.7740   -88.0604 -1098.9157  -155.6629  -178.4547   -34.6796   345.7773
    2.6350     0.0689    -2.1635     0.6582   463.5905  -950.4269   139.7365   168.5331    32.9336  -335.1264
    2.6360     0.0667    -2.5950     0.7237   -83.4923  -997.1010  -139.2777  -159.5634   -31.3335   319.9725
    2.6370     0.0641    -2.9982     0.6006   417.2193  -839.3363   121.7120   146.7938    28.9895  -303.2835
    2.6380     0.0611    -3.3697     0.6472   -75.8205  -861.4423  -118.8264  -136.0469   -26.9938   282.5023
    2.6390     0.0578    -3.7064     0.5223   356.8357  -702.9540   100.7265   121.4788    24.2437  -261.1599
    2.6400     0.0541    -4.0062     0.5509   -65.7301  -702.7640   -96.0445  -109.9029   -22.0317   236.4217
    2.6410     0.0500    -4.2673     0.4297   287.2665  -551.9829    78.4850    94.6417    19.0873  -212.1619
    2.6420     0.0458    -4.4891     0.4421   -54.0728  -533.3313   -72.7153   -83.1773   -16.8447   185.4004
    2.6430     0.0413    -4.6712     0.3303   213.9364  -397.8291    56.6442    68.2801    13.9169  -160.1409
    2.6440     0.0366    -4.8145     0.3292   -41.7760  -365.7755   -50.5068   -57.7761   -11.8189   133.3820
    2.6450     0.0318    -4.9202     0.2318   142.4261  -251.7333    36.6807    44.1760     9.1013  -109.0689
    2.6460     0.0269    -4.9903     0.2200   -29.7570  -212.3134   -30.8605   -35.3393    -7.3007    84.3029
    2.6470     0.0219    -5.0276     0.1417    78.2032  -124.3500    19.8278    23.8213     4.9638   -62.8236
    2.6480     0.0168    -5.0354     0.1224   -18.8496   -84.7253   -14.9673   -17.2124    -3.5891    41.9941
    2.6490     0.0118    -5.0177     0.0670    26.8369   -26.5323     7.1482     8.5066     1.7976   -25.2646
    2.6500     0.0068    -4.9795     0.0440    -9.6806     2.9950    -3.9071    -4.5995    -0.9649    10.6564
    2.6510     0.0018    -4.9272     0.0161    -3.0711    21.8483     0.2859     0.2418     0.0547    -1.5800
    2.9500     0.0018     4.9533     0.0707    11.3577   -28.6173    -1.0863    -1.0958    -0.4723     0.9859
    2.9510     0.0067     4.9726     0.0696    21.3093   -65.9506    -7.3015    -7.8039    -3.3735     7.6955
    2.9520     0.0117     4.9721     0.0434    31.3226  -112.6105   -15.6921   -16.8679    -7.3151    18.8257
    2.9530     0.0167     4.9475     0.0139    89.5212  -147.6705    28.3880    31.7245    13.7673   -28.4272
    2.9540     0.0216     4.8947     0.1327    58.0857  -228.5700   -41.3543   -44.6575   -19.4388    44.7151
    2.9550     0.0265     4.8110     0.0817   164.3258  -256.5889    56.0754    62.4970    27.2531   -58.4396
    2.9560     0.0313     4.6938     0.2215    88.2997  -367.5591   -71.8262   -77.6096   -33.9388    78.2668
    2.9570     0.0360     4.5415     0.1654   251.7968  -378.6749    86.6694    96.4584    42.2726   -95.5395
    2.9580     0.0405     4.3529     0.3226   119.2646  -519.3106  -103.9106  -112.2389   -49.3219   117.6709
    2.9590     0.0449     4.1277     0.2582   345.9129  -504.8157   117.3596   130.4855    57.4738  -137.3808
    2.9600     0.0490     3.8658     0.4287   148.5162  -672.9567  -134.7670  -145.4638   -64.2420   160.4869
    2.9610     0.0529     3.5685     0.3532   440.1355  -625.6247   145.4383   161.5767    71.5319  -181.2695
    2.9620     0.0565     3.2369     0.5325   173.7422  -817.1993  -161.7393  -174.4153   -77.4198   203.8100
    2.9630     0.0597     2.8737     0.4431   527.5319  -731.8721   168.4637   187.0315    83.2288  -224.0973
    2.9640     0.0626     2.4814     0.6264   192.9456  -940.9609  -182.5293  -196.6250   -87.7281   244.4033
    2.9650     0.0650     2.0637     0.5210   601.2496  -815.1772   184.4692   204.6823    91.5591  -262.5276
    2.9660     0.0671     1.6243     0.7031   204.6246 -1034.3055  -195.4189  -210.2621   -94.3019   278.9501
    2.9670     0.0687     1.1679     0.5806   655.1475  -868.7828   192.1671   213.1165    95.8353  -293.3004
    2.9680     0.0699     0.6991     0.7567   207.9167 -1089.4215  -199.4559  -214.3317   -96.6341   304.3888
    2.9690     0.0706     0.2231     0.6172   684.4539  -888.2529   191.0897   211.8310    95.7659  -313.5921
    2.9700     0.0708    -0.2550     0.7828   202.6743 -1101.4772  -194.5565  -208.7805   -94.6332   318.2718
    2.9710     0.0706    -0.7297     0.6275   686.3322  -871.9589   181.6314   201.2749    91.4852  -321.3659
    2.9720     0.0698    -1.1962     0.7793   189.4603 -1069.1927  -181.4962  -194.4807   -88.6267   319.0844
    2.9730     0.0686    -1.6489     0.6108   660.2512  -821.2607   164.9746   182.7662    83.5268  -315.6502
    2.9740     0.0670    -2.0835     0.7465   169.4625  -995.0160  -161.7837  -173.0887   -79.3081   306.4633
    2.9750     0.0649    -2.4952     0.5685   608.0896  -740.3480   142.9114   158.2921    72.7432  -296.6908
    2.9760     0.0624    -2.8803     0.6870   144.3445  -884.8698  -137.4416  -146.8046   -67.6360   281.2729
    2.9770     0.0595    -3.2353     0.5043   533.9523  -635.7647   117.5908   130.2305    60.1853  -265.9492
    2.9780     0.0563    -3.5575     0.6056   116.0585  -747.5082  -110.7321  -118.0727   -54.7029   245.5249
    2.9790     0.0527    -3.8444     0.4234   443.7328  -515.7015    91.2392   101.0404    46.9647  -225.9463
    2.9800     0.0489    -4.0950     0.5087    86.6538  -593.6014   -83.8781   -89.2812   -41.5990   202.1585
    2.9810     0.0448    -4.3080     0.3325   344.5067  -389.1832    65.9014    72.9785    34.1233  -179.9866
    2.9820     0.0405    -4.4836     0.4036    58.1113  -434.7192   -58.8259   -62.5077   -29.2934   154.7278
    2.9830     0.0360    -4.6222     0.2386   243.8798  -265.3020    43.2435    47.8826    22.5293  -131.8241
    2.9840     0.0314    -4.7250     0.2978    32.2367  -282.4285   -37.0869   -39.3511   -18.5515   107.0710
    2.9850     0.0266    -4.7939     0.1487   149.4561  -152.6823    24.4385    27.0482    12.8151   -85.3526
    2.9860     0.0218    -4.8314     0.1988    10.6586  -147.7930   -19.6777   -20.8703    -9.9007    63.0567
    2.9870     0.0170    -4.8405     0.0697    68.6890   -59.4813    10.1047    11.1629     5.3398   -44.4503
    2.9880     0.0122    -4.8250     0.1135    -4.9165   -41.9440    -7.1826    -7.6521    -3.6562    26.5889
    2.9890     0.0073    -4.7893     0.0089     9.6864     4.6924    -1.8290    -1.9988    -0.8964   -12.8856
    2.9900     0.0025    -4.7392     0.0472   -10.6382    17.4397    -0.0975    -0.1635    -0.0849     2.6619
